1.029899995059058426e+02
1.080700011278610049e+02
1.106649999777589244e+02
1.272700003217285882e+02
1.284800002356322750e+02
1.300949997619534315e+02
1.276450000412851011e+02
1.253899999771444413e+02
1.256250001966832741e+02
1.321299999059173444e+02
1.305350003081701402e+02
1.190100001744292086e+02
1.114400010922474564e+02
1.089299994682675816e+02
1.116699995649847352e+02
1.144149999967769844e+02
1.117750009546560648e+02
1.052750001687706458e+02
1.014100009133839393e+02
1.015599996718253806e+02
1.000799993104468228e+02
9.640000115902728339e+01
9.926000082718817907e+01
9.884500125048373320e+01
